0971570427 | 0,0,0,0,0,0,0,10,0,0,0,0,0,0,0,0,0,0,0,0,0,0,0,0,0,0,0,0,0,0 | Time = 16-12-2022_13:47:28 | Cash = 100.00 | Change = 20.00 | Card = Cash | Coupon = (null) |
0971570425 | 10,0,0,0,0,0,0,0,0,0,0,0,0,0,0,0,0,0,0,0,0,0,0,0,0,0,0,0,0,0 | Time = 16-12-2022_13:47:43 | Cash = 200.00 | Change = 80.00 | Card = Cash | Coupon = (null) |
0971570421 | 10,0,0,0,0,0,0,0,5,0,0,0,0,0,0,8,0,0,0,0,0,0,0,0,0,0,0,0,0,0 | Time = 16-12-2022_14:23:39 | Cash = 200.00 | Change = 31.00 | Card = Cash | Coupon = | |
0971570422 | 10,0,0,0,10,0,0,0,0,5,15,0,0,0,10,0,0,0,0,0,0,0,0,0,0,0,0,0,0,0 | Time = 16-12-2022_14:27:48 | Cash = 330.00 | Change = -1.00 | Card = 1122334455666677| | Coupon = | |
0971571234 | 0,0,0,0,0,0,0,0,0,0,0,0,0,0,10,0,0,0,0,0,0,0,0,0,0,0,0,0,0,0 | Time = 16-12-2022_14:29:34 | Cash = 50.00 | Change = -2.00 | Card = Bank | Coupon = | |
0912349854 | 0,0,0,10,3,0,0,0,0,0,0,0,0,0,5,0,0,0,0,0,0,0,0,0,0,0,0,0,0,0 | Time = 16-12-2022_15:08:43 | Cash = 59.00 | Change = -2.00 | Card = Bank | Coupon = | |
0971570422 | 0,0,0,0,0,0,0,0,0,0,0,0,0,0,0,1,0,0,0,0,0,0,0,0,0,0,0,0,0,0 | Time = 16-12-2022_17:28:24 | Cash = 3.00 | Change = -1.00 | Card = 1122334455667788| | Coupon = | |
0971572345 | 0,0,0,0,0,5,0,0,0,0,0,0,0,0,0,0,0,0,0,0,0,0,0,0,0,0,0,0,0,0 | Time = 16-12-2022_17:29:11 | Cash = 100.00 | Change = 35.00 | Card = Cash | Coupon = | |
0877981578 | 0,0,0,0,0,5,0,0,0,0,0,0,0,0,0,0,0,0,0,0,0,0,0,0,0,0,0,0,0,0 | Time = 18-12-2022_17:05:22 | Cash = 75.00 | Change = -1.00 | Card = 1234567891234567| | Coupon = | |
0844676888 | 15,0,0,0,0,0,0,0,0,0,0,0,0,5,0,0,0,0,0,0,0,0,0,0,0,0,0,0,0,0 | Time = 18-12-2022_19:55:13 | Cash = 220.00 | Change = -1.00 | Card = 9874563219874563 | Coupon =  |
